01111111111111  00000000000000  //  0 8191 0
01111111111111  00000000000000  //  1 8191 0
01111111111111  00000000000000  //  2 8191 0
01111111111110  00000000000000  //  3 8190 0
01111111111101  00000000000000  //  4 8189 0
01111111111011  00000000000000  //  5 8187 0
01111111111010  00000000000000  //  6 8186 0
01111111111000  00000000000000  //  7 8184 0
01111111110101  00000000000000  //  8 8181 0
01111111110011  00000000000000  //  9 8179 0
01111111110000  00000000000000  // 10 8176 0
01111111101101  00000000000000  // 11 8173 0
01111111101001  00000000000000  // 12 8169 0
01111111100101  00000000000000  // 13 8165 0
01111111100001  00000000000000  // 14 8161 0
01111111011101  00000000000000  // 15 8157 0
01111111011000  00000000000000  // 16 8152 0
01111111010011  00000000000000  // 17 8147 0
01111111001101  00000000000000  // 18 8141 0
01111111001000  00000000000000  // 19 8136 0
01111111000010  00000000000000  // 20 8130 0
01111110111011  00000000000000  // 21 8123 0
01111110110101  00000000000000  // 22 8117 0
01111110101110  00000000000000  // 23 8110 0
01111110100111  00000000000000  // 24 8103 0
01111110011111  00000000000000  // 25 8095 0
01111110010111  00000000000000  // 26 8087 0
01111110001111  00000000000000  // 27 8079 0
01111110000111  00000000000000  // 28 8071 0
01111101111110  00000000000000  // 29 8062 0
01111101110101  00000000000000  // 30 8053 0
01111101101011  00000000000000  // 31 8043 0
01111101100010  00000000000000  // 32 8034 0
01111101011000  00000000000000  // 33 8024 0
01111101001110  00000000000000  // 34 8014 0
01111101000011  00000000000000  // 35 8003 0
01111100111000  00000000000000  // 36 7992 0
01111100101101  00000000000000  // 37 7981 0
01111100100010  00000000000000  // 38 7970 0
01111100010110  00000000000000  // 39 7958 0
01111100001010  00000000000000  // 40 7946 0
01111011111101  00000000000000  // 41 7933 0
01111011110001  00000000000000  // 42 7921 0
01111011100100  00000000000000  // 43 7908 0
01111011010110  00000000000000  // 44 7894 0
01111011001001  00000000000000  // 45 7881 0
01111010111011  00000000000000  // 46 7867 0
01111010101101  00000000000000  // 47 7853 0
01111010011110  00000000000000  // 48 7838 0
01111010010000  00000000000000  // 49 7824 0
01111010000001  00000000000000  // 50 7809 0
01111001110001  00000000000000  // 51 7793 0
01111001100010  00000000000000  // 52 7778 0
01111001010010  00000000000000  // 53 7762 0
01111001000010  00000000000000  // 54 7746 0
01111000110001  00000000000000  // 55 7729 0
01111000100000  00000000000000  // 56 7712 0
01111000001111  00000000000000  // 57 7695 0
01110111111110  00000000000000  // 58 7678 0
01110111101100  00000000000000  // 59 7660 0
01110111011010  00000000000000  // 60 7642 0
01110111001000  00000000000000  // 61 7624 0
01110110110110  00000000000000  // 62 7606 0
01110110100011  00000000000000  // 63 7587 0
01110110010000  00000000000000  // 64 7568 0
01110101111100  00000000000000  // 65 7548 0
01110101101001  00000000000000  // 66 7529 0
01110101010101  00000000000000  // 67 7509 0
01110101000000  00000000000000  // 68 7488 0
01110100101100  00000000000000  // 69 7468 0
01110100010111  00000000000000  // 70 7447 0
01110100000010  00000000000000  // 71 7426 0
01110011101101  00000000000000  // 72 7405 0
01110011010111  00000000000000  // 73 7383 0
01110011000001  00000000000000  // 74 7361 0
01110010101011  00000000000000  // 75 7339 0
01110010010101  00000000000000  // 76 7317 0
01110001111110  00000000000000  // 77 7294 0
01110001100111  00000000000000  // 78 7271 0
01110001010000  00000000000000  // 79 7248 0
01110000111000  00000000000000  // 80 7224 0
01110000100000  00000000000000  // 81 7200 0
01110000001000  00000000000000  // 82 7176 0
01101111110000  00000000000000  // 83 7152 0
01101111010111  00000000000000  // 84 7127 0
01101110111110  00000000000000  // 85 7102 0
01101110100101  00000000000000  // 86 7077 0
01101110001100  00000000000000  // 87 7052 0
01101101110010  00000000000000  // 88 7026 0
01101101011000  00000000000000  // 89 7000 0
01101100111110  00000000000000  // 90 6974 0
01101100100011  00000000000000  // 91 6947 0
01101100001000  00000000000000  // 92 6920 0
01101011101101  00000000000000  // 93 6893 0
01101011010010  00000000000000  // 94 6866 0
01101010110111  00000000000000  // 95 6839 0
01101010011011  00000000000000  // 96 6811 0
01101001111111  00000000000000  // 97 6783 0
01101001100010  00000000000000  // 98 6754 0
01101001000110  00000000000000  // 99 6726 0
01101000101001  00000000000000  // 100 6697 0
01101000001100  00000000000000  // 101 6668 0
01100111101111  00000000000000  // 102 6639 0
01100111010001  00000000000000  // 103 6609 0
01100110110011  00000000000000  // 104 6579 0
01100110010101  00000000000000  // 105 6549 0
01100101110111  00000000000000  // 106 6519 0
01100101011000  00000000000000  // 107 6488 0
01100100111001  00000000000000  // 108 6457 0
01100100011010  00000000000000  // 109 6426 0
01100011111011  00000000000000  // 110 6395 0
01100011011100  00000000000000  // 111 6364 0
01100010111100  00000000000000  // 112 6332 0
01100010011100  00000000000000  // 113 6300 0
01100001111100  00000000000000  // 114 6268 0
01100001011011  00000000000000  // 115 6235 0
01100000111010  00000000000000  // 116 6202 0
01100000011001  00000000000000  // 117 6169 0
01011111111000  00000000000000  // 118 6136 0
01011111010111  00000000000000  // 119 6103 0
01011110110101  00000000000000  // 120 6069 0
01011110010011  00000000000000  // 121 6035 0
01011101110001  00000000000000  // 122 6001 0
01011101001111  00000000000000  // 123 5967 0
01011100101100  00000000000000  // 124 5932 0
01011100001010  00000000000000  // 125 5898 0
01011011100111  00000000000000  // 126 5863 0
01011011000011  00000000000000  // 127 5827 0
01011010100000  00000000000000  // 128 5792 0
01011001111100  00000000000000  // 129 5756 0
01011001011001  00000000000000  // 130 5721 0
01011000110100  00000000000000  // 131 5684 0
01011000010000  00000000000000  // 132 5648 0
01010111101100  00000000000000  // 133 5612 0
01010111000111  00000000000000  // 134 5575 0
01010110100010  00000000000000  // 135 5538 0
01010101111101  00000000000000  // 136 5501 0
01010101011000  00000000000000  // 137 5464 0
01010100110010  00000000000000  // 138 5426 0
01010100001100  00000000000000  // 139 5388 0
01010011100110  00000000000000  // 140 5350 0
01010011000000  00000000000000  // 141 5312 0
01010010011010  00000000000000  // 142 5274 0
01010001110011  00000000000000  // 143 5235 0
01010001001100  00000000000000  // 144 5196 0
01010000100101  00000000000000  // 145 5157 0
01001111111110  00000000000000  // 146 5118 0
01001111010111  00000000000000  // 147 5079 0
01001110101111  00000000000000  // 148 5039 0
01001110001000  00000000000000  // 149 5000 0
01001101100000  00000000000000  // 150 4960 0
01001100111000  00000000000000  // 151 4920 0
01001100001111  00000000000000  // 152 4879 0
01001011100111  00000000000000  // 153 4839 0
01001010111110  00000000000000  // 154 4798 0
01001010010110  00000000000000  // 155 4758 0
01001001101101  00000000000000  // 156 4717 0
01001001000011  00000000000000  // 157 4675 0
01001000011010  00000000000000  // 158 4634 0
01000111110000  00000000000000  // 159 4592 0
01000111000111  00000000000000  // 160 4551 0
01000110011101  00000000000000  // 161 4509 0
01000101110011  00000000000000  // 162 4467 0
01000101001001  00000000000000  // 163 4425 0
01000100011110  00000000000000  // 164 4382 0
01000011110100  00000000000000  // 165 4340 0
01000011001001  00000000000000  // 166 4297 0
01000010011110  00000000000000  // 167 4254 0
01000001110011  00000000000000  // 168 4211 0
01000001001000  00000000000000  // 169 4168 0
01000000011101  00000000000000  // 170 4125 0
00111111110001  00000000000000  // 171 4081 0
00111111000101  00000000000000  // 172 4037 0
00111110011010  00000000000000  // 173 3994 0
00111101101110  00000000000000  // 174 3950 0
00111101000010  00000000000000  // 175 3906 0
00111100010101  00000000000000  // 176 3861 0
00111011101001  00000000000000  // 177 3817 0
00111010111100  00000000000000  // 178 3772 0
00111010010000  00000000000000  // 179 3728 0
00111001100011  00000000000000  // 180 3683 0
00111000110110  00000000000000  // 181 3638 0
00111000001001  00000000000000  // 182 3593 0
00110111011100  00000000000000  // 183 3548 0
00110110101110  00000000000000  // 184 3502 0
00110110000001  00000000000000  // 185 3457 0
00110101010011  00000000000000  // 186 3411 0
00110100100101  00000000000000  // 187 3365 0
00110011110111  00000000000000  // 188 3319 0
00110011001001  00000000000000  // 189 3273 0
00110010011011  00000000000000  // 190 3227 0
00110001101101  00000000000000  // 191 3181 0
00110000111111  00000000000000  // 192 3135 0
00110000010000  00000000000000  // 193 3088 0
00101111100010  00000000000000  // 194 3042 0
00101110110011  00000000000000  // 195 2995 0
00101110000100  00000000000000  // 196 2948 0
00101101010101  00000000000000  // 197 2901 0
00101100100110  00000000000000  // 198 2854 0
00101011110111  00000000000000  // 199 2807 0
00101011001000  00000000000000  // 200 2760 0
00101010011000  00000000000000  // 201 2712 0
00101001101001  00000000000000  // 202 2665 0
00101000111001  00000000000000  // 203 2617 0
00101000001001  00000000000000  // 204 2569 0
00100111011010  00000000000000  // 205 2522 0
00100110101010  00000000000000  // 206 2474 0
00100101111010  00000000000000  // 207 2426 0
00100101001010  00000000000000  // 208 2378 0
00100100011010  00000000000000  // 209 2330 0
00100011101001  00000000000000  // 210 2281 0
00100010111001  00000000000000  // 211 2233 0
00100010001001  00000000000000  // 212 2185 0
00100001011000  00000000000000  // 213 2136 0
00100000101000  00000000000000  // 214 2088 0
00011111110111  00000000000000  // 215 2039 0
00011111000110  00000000000000  // 216 1990 0
00011110010110  00000000000000  // 217 1942 0
00011101100101  00000000000000  // 218 1893 0
00011100110100  00000000000000  // 219 1844 0
00011100000011  00000000000000  // 220 1795 0
00011011010010  00000000000000  // 221 1746 0
00011010100000  00000000000000  // 222 1696 0
00011001101111  00000000000000  // 223 1647 0
00011000111110  00000000000000  // 224 1598 0
00011000001101  00000000000000  // 225 1549 0
00010111011011  00000000000000  // 226 1499 0
00010110101010  00000000000000  // 227 1450 0
00010101111000  00000000000000  // 228 1400 0
00010101000111  00000000000000  // 229 1351 0
00010100010101  00000000000000  // 230 1301 0
00010011100100  00000000000000  // 231 1252 0
00010010110010  00000000000000  // 232 1202 0
00010010000000  00000000000000  // 233 1152 0
00010001001110  00000000000000  // 234 1102 0
00010000011101  00000000000000  // 235 1053 0
00001111101011  00000000000000  // 236 1003 0
00001110111001  00000000000000  // 237 953 0
00001110000111  00000000000000  // 238 903 0
00001101010101  00000000000000  // 239 853 0
00001100100011  00000000000000  // 240 803 0
00001011110001  00000000000000  // 241 753 0
00001010111111  00000000000000  // 242 703 0
00001010001101  00000000000000  // 243 653 0
00001001011011  00000000000000  // 244 603 0
00001000101000  00000000000000  // 245 552 0
00000111110110  00000000000000  // 246 502 0
00000111000100  00000000000000  // 247 452 0
00000110010010  00000000000000  // 248 402 0
00000101100000  00000000000000  // 249 352 0
00000100101101  00000000000000  // 250 301 0
00000011111011  00000000000000  // 251 251 0
00000011001001  00000000000000  // 252 201 0
00000010010111  00000000000000  // 253 151 0
00000001100101  00000000000000  // 254 101 0
00000000110010  00000000000000  // 255 50 0
00000000000000  00000000000000  // 256 0 0
11111111001110  00000000000000  // 257 -50 0
11111110011011  00000000000000  // 258 -101 0
11111101101001  00000000000000  // 259 -151 0
11111100110111  00000000000000  // 260 -201 0
11111100000101  00000000000000  // 261 -251 0
11111011010011  00000000000000  // 262 -301 0
11111010100000  00000000000000  // 263 -352 0
11111001101110  00000000000000  // 264 -402 0
11111000111100  00000000000000  // 265 -452 0
11111000001010  00000000000000  // 266 -502 0
11110111011000  00000000000000  // 267 -552 0
11110110100101  00000000000000  // 268 -603 0
11110101110011  00000000000000  // 269 -653 0
11110101000001  00000000000000  // 270 -703 0
11110100001111  00000000000000  // 271 -753 0
11110011011101  00000000000000  // 272 -803 0
11110010101011  00000000000000  // 273 -853 0
11110001111001  00000000000000  // 274 -903 0
11110001000111  00000000000000  // 275 -953 0
11110000010101  00000000000000  // 276 -1003 0
11101111100011  00000000000000  // 277 -1053 0
11101110110010  00000000000000  // 278 -1102 0
11101110000000  00000000000000  // 279 -1152 0
11101101001110  00000000000000  // 280 -1202 0
11101100011100  00000000000000  // 281 -1252 0
11101011101011  00000000000000  // 282 -1301 0
11101010111001  00000000000000  // 283 -1351 0
11101010001000  00000000000000  // 284 -1400 0
11101001010110  00000000000000  // 285 -1450 0
11101000100101  00000000000000  // 286 -1499 0
11100111110011  00000000000000  // 287 -1549 0
11100111000010  00000000000000  // 288 -1598 0
11100110010001  00000000000000  // 289 -1647 0
11100101100000  00000000000000  // 290 -1696 0
11100100101110  00000000000000  // 291 -1746 0
11100011111101  00000000000000  // 292 -1795 0
11100011001100  00000000000000  // 293 -1844 0
11100010011011  00000000000000  // 294 -1893 0
11100001101010  00000000000000  // 295 -1942 0
11100000111010  00000000000000  // 296 -1990 0
11100000001001  00000000000000  // 297 -2039 0
11011111011000  00000000000000  // 298 -2088 0
11011110101000  00000000000000  // 299 -2136 0
11011101110111  00000000000000  // 300 -2185 0
11011101000111  00000000000000  // 301 -2233 0
11011100010111  00000000000000  // 302 -2281 0
11011011100110  00000000000000  // 303 -2330 0
11011010110110  00000000000000  // 304 -2378 0
11011010000110  00000000000000  // 305 -2426 0
11011001010110  00000000000000  // 306 -2474 0
11011000100110  00000000000000  // 307 -2522 0
11010111110111  00000000000000  // 308 -2569 0
11010111000111  00000000000000  // 309 -2617 0
11010110010111  00000000000000  // 310 -2665 0
11010101101000  00000000000000  // 311 -2712 0
11010100111000  00000000000000  // 312 -2760 0
11010100001001  00000000000000  // 313 -2807 0
11010011011010  00000000000000  // 314 -2854 0
11010010101011  00000000000000  // 315 -2901 0
11010001111100  00000000000000  // 316 -2948 0
11010001001101  00000000000000  // 317 -2995 0
11010000011110  00000000000000  // 318 -3042 0
11001111110000  00000000000000  // 319 -3088 0
11001111000001  00000000000000  // 320 -3135 0
11001110010011  00000000000000  // 321 -3181 0
11001101100101  00000000000000  // 322 -3227 0
11001100110111  00000000000000  // 323 -3273 0
11001100001001  00000000000000  // 324 -3319 0
11001011011011  00000000000000  // 325 -3365 0
11001010101101  00000000000000  // 326 -3411 0
11001001111111  00000000000000  // 327 -3457 0
11001001010010  00000000000000  // 328 -3502 0
11001000100100  00000000000000  // 329 -3548 0
11000111110111  00000000000000  // 330 -3593 0
11000111001010  00000000000000  // 331 -3638 0
11000110011101  00000000000000  // 332 -3683 0
11000101110000  00000000000000  // 333 -3728 0
11000101000100  00000000000000  // 334 -3772 0
11000100010111  00000000000000  // 335 -3817 0
11000011101011  00000000000000  // 336 -3861 0
11000010111110  00000000000000  // 337 -3906 0
11000010010010  00000000000000  // 338 -3950 0
11000001100110  00000000000000  // 339 -3994 0
11000000111011  00000000000000  // 340 -4037 0
11000000001111  00000000000000  // 341 -4081 0
10111111100011  00000000000000  // 342 -4125 0
10111110111000  00000000000000  // 343 -4168 0
10111110001101  00000000000000  // 344 -4211 0
10111101100010  00000000000000  // 345 -4254 0
10111100110111  00000000000000  // 346 -4297 0
10111100001100  00000000000000  // 347 -4340 0
10111011100010  00000000000000  // 348 -4382 0
10111010110111  00000000000000  // 349 -4425 0
10111010001101  00000000000000  // 350 -4467 0
10111001100011  00000000000000  // 351 -4509 0
10111000111001  00000000000000  // 352 -4551 0
10111000010000  00000000000000  // 353 -4592 0
10110111100110  00000000000000  // 354 -4634 0
10110110111101  00000000000000  // 355 -4675 0
10110110010011  00000000000000  // 356 -4717 0
10110101101010  00000000000000  // 357 -4758 0
10110101000010  00000000000000  // 358 -4798 0
10110100011001  00000000000000  // 359 -4839 0
10110011110001  00000000000000  // 360 -4879 0
10110011001000  00000000000000  // 361 -4920 0
10110010100000  00000000000000  // 362 -4960 0
10110001111000  00000000000000  // 363 -5000 0
10110001010001  00000000000000  // 364 -5039 0
10110000101001  00000000000000  // 365 -5079 0
10110000000010  00000000000000  // 366 -5118 0
10101111011011  00000000000000  // 367 -5157 0
10101110110100  00000000000000  // 368 -5196 0
10101110001101  00000000000000  // 369 -5235 0
10101101100110  00000000000000  // 370 -5274 0
10101101000000  00000000000000  // 371 -5312 0
10101100011010  00000000000000  // 372 -5350 0
10101011110100  00000000000000  // 373 -5388 0
10101011001110  00000000000000  // 374 -5426 0
10101010101000  00000000000000  // 375 -5464 0
10101010000011  00000000000000  // 376 -5501 0
10101001011110  00000000000000  // 377 -5538 0
10101000111001  00000000000000  // 378 -5575 0
10101000010100  00000000000000  // 379 -5612 0
10100111110000  00000000000000  // 380 -5648 0
10100111001100  00000000000000  // 381 -5684 0
10100110100111  00000000000000  // 382 -5721 0
10100110000100  00000000000000  // 383 -5756 0
10100101100000  00000000000000  // 384 -5792 0
10100100111101  00000000000000  // 385 -5827 0
10100100011001  00000000000000  // 386 -5863 0
10100011110110  00000000000000  // 387 -5898 0
10100011010100  00000000000000  // 388 -5932 0
10100010110001  00000000000000  // 389 -5967 0
10100010001111  00000000000000  // 390 -6001 0
10100001101101  00000000000000  // 391 -6035 0
10100001001011  00000000000000  // 392 -6069 0
10100000101001  00000000000000  // 393 -6103 0
10100000001000  00000000000000  // 394 -6136 0
10011111100111  00000000000000  // 395 -6169 0
10011111000110  00000000000000  // 396 -6202 0
10011110100101  00000000000000  // 397 -6235 0
10011110000100  00000000000000  // 398 -6268 0
10011101100100  00000000000000  // 399 -6300 0
10011101000100  00000000000000  // 400 -6332 0
10011100100100  00000000000000  // 401 -6364 0
10011100000101  00000000000000  // 402 -6395 0
10011011100110  00000000000000  // 403 -6426 0
10011011000111  00000000000000  // 404 -6457 0
10011010101000  00000000000000  // 405 -6488 0
10011010001001  00000000000000  // 406 -6519 0
10011001101011  00000000000000  // 407 -6549 0
10011001001101  00000000000000  // 408 -6579 0
10011000101111  00000000000000  // 409 -6609 0
10011000010001  00000000000000  // 410 -6639 0
10010111110100  00000000000000  // 411 -6668 0
10010111010111  00000000000000  // 412 -6697 0
10010110111010  00000000000000  // 413 -6726 0
10010110011110  00000000000000  // 414 -6754 0
10010110000001  00000000000000  // 415 -6783 0
10010101100101  00000000000000  // 416 -6811 0
10010101001001  00000000000000  // 417 -6839 0
10010100101110  00000000000000  // 418 -6866 0
10010100010011  00000000000000  // 419 -6893 0
10010011111000  00000000000000  // 420 -6920 0
10010011011101  00000000000000  // 421 -6947 0
10010011000010  00000000000000  // 422 -6974 0
10010010101000  00000000000000  // 423 -7000 0
10010010001110  00000000000000  // 424 -7026 0
10010001110100  00000000000000  // 425 -7052 0
10010001011011  00000000000000  // 426 -7077 0
10010001000010  00000000000000  // 427 -7102 0
10010000101001  00000000000000  // 428 -7127 0
10010000010000  00000000000000  // 429 -7152 0
10001111111000  00000000000000  // 430 -7176 0
10001111100000  00000000000000  // 431 -7200 0
10001111001000  00000000000000  // 432 -7224 0
10001110110000  00000000000000  // 433 -7248 0
10001110011001  00000000000000  // 434 -7271 0
10001110000010  00000000000000  // 435 -7294 0
10001101101011  00000000000000  // 436 -7317 0
10001101010101  00000000000000  // 437 -7339 0
10001100111111  00000000000000  // 438 -7361 0
10001100101001  00000000000000  // 439 -7383 0
10001100010011  00000000000000  // 440 -7405 0
10001011111110  00000000000000  // 441 -7426 0
10001011101001  00000000000000  // 442 -7447 0
10001011010100  00000000000000  // 443 -7468 0
10001011000000  00000000000000  // 444 -7488 0
10001010101011  00000000000000  // 445 -7509 0
10001010010111  00000000000000  // 446 -7529 0
10001010000100  00000000000000  // 447 -7548 0
10001001110000  00000000000000  // 448 -7568 0
10001001011101  00000000000000  // 449 -7587 0
10001001001010  00000000000000  // 450 -7606 0
10001000111000  00000000000000  // 451 -7624 0
10001000100110  00000000000000  // 452 -7642 0
10001000010100  00000000000000  // 453 -7660 0
10001000000010  00000000000000  // 454 -7678 0
10000111110001  00000000000000  // 455 -7695 0
10000111100000  00000000000000  // 456 -7712 0
10000111001111  00000000000000  // 457 -7729 0
10000110111110  00000000000000  // 458 -7746 0
10000110101110  00000000000000  // 459 -7762 0
10000110011110  00000000000000  // 460 -7778 0
10000110001111  00000000000000  // 461 -7793 0
10000101111111  00000000000000  // 462 -7809 0
10000101110000  00000000000000  // 463 -7824 0
10000101100010  00000000000000  // 464 -7838 0
10000101010011  00000000000000  // 465 -7853 0
10000101000101  00000000000000  // 466 -7867 0
10000100110111  00000000000000  // 467 -7881 0
10000100101010  00000000000000  // 468 -7894 0
10000100011100  00000000000000  // 469 -7908 0
10000100001111  00000000000000  // 470 -7921 0
10000100000011  00000000000000  // 471 -7933 0
10000011110110  00000000000000  // 472 -7946 0
10000011101010  00000000000000  // 473 -7958 0
10000011011110  00000000000000  // 474 -7970 0
10000011010011  00000000000000  // 475 -7981 0
10000011001000  00000000000000  // 476 -7992 0
10000010111101  00000000000000  // 477 -8003 0
10000010110010  00000000000000  // 478 -8014 0
10000010101000  00000000000000  // 479 -8024 0
10000010011110  00000000000000  // 480 -8034 0
10000010010101  00000000000000  // 481 -8043 0
10000010001011  00000000000000  // 482 -8053 0
10000010000010  00000000000000  // 483 -8062 0
10000001111001  00000000000000  // 484 -8071 0
10000001110001  00000000000000  // 485 -8079 0
10000001101001  00000000000000  // 486 -8087 0
10000001100001  00000000000000  // 487 -8095 0
10000001011001  00000000000000  // 488 -8103 0
10000001010010  00000000000000  // 489 -8110 0
10000001001011  00000000000000  // 490 -8117 0
10000001000101  00000000000000  // 491 -8123 0
10000000111110  00000000000000  // 492 -8130 0
10000000111000  00000000000000  // 493 -8136 0
10000000110011  00000000000000  // 494 -8141 0
10000000101101  00000000000000  // 495 -8147 0
10000000101000  00000000000000  // 496 -8152 0
10000000100011  00000000000000  // 497 -8157 0
10000000011111  00000000000000  // 498 -8161 0
10000000011011  00000000000000  // 499 -8165 0
10000000010111  00000000000000  // 500 -8169 0
10000000010011  00000000000000  // 501 -8173 0
10000000010000  00000000000000  // 502 -8176 0
10000000001101  00000000000000  // 503 -8179 0
10000000001011  00000000000000  // 504 -8181 0
10000000001000  00000000000000  // 505 -8184 0
10000000000110  00000000000000  // 506 -8186 0
10000000000101  00000000000000  // 507 -8187 0
10000000000011  00000000000000  // 508 -8189 0
10000000000010  00000000000000  // 509 -8190 0
10000000000001  00000000000000  // 510 -8191 0
10000000000001  00000000000000  // 511 -8191 0
10000000000001  00000000000000  // 512 -8191 0
10000000000001  00000000000000  // 513 -8191 0
10000000000001  00000000000000  // 514 -8191 0
10000000000010  00000000000000  // 515 -8190 0
10000000000011  00000000000000  // 516 -8189 0
10000000000101  00000000000000  // 517 -8187 0
10000000000110  00000000000000  // 518 -8186 0
10000000001000  00000000000000  // 519 -8184 0
10000000001011  00000000000000  // 520 -8181 0
10000000001101  00000000000000  // 521 -8179 0
10000000010000  00000000000000  // 522 -8176 0
10000000010011  00000000000000  // 523 -8173 0
10000000010111  00000000000000  // 524 -8169 0
10000000011011  00000000000000  // 525 -8165 0
10000000011111  00000000000000  // 526 -8161 0
10000000100011  00000000000000  // 527 -8157 0
10000000101000  00000000000000  // 528 -8152 0
10000000101101  00000000000000  // 529 -8147 0
10000000110011  00000000000000  // 530 -8141 0
10000000111000  00000000000000  // 531 -8136 0
10000000111110  00000000000000  // 532 -8130 0
10000001000101  00000000000000  // 533 -8123 0
10000001001011  00000000000000  // 534 -8117 0
10000001010010  00000000000000  // 535 -8110 0
10000001011001  00000000000000  // 536 -8103 0
10000001100001  00000000000000  // 537 -8095 0
10000001101001  00000000000000  // 538 -8087 0
10000001110001  00000000000000  // 539 -8079 0
10000001111001  00000000000000  // 540 -8071 0
10000010000010  00000000000000  // 541 -8062 0
10000010001011  00000000000000  // 542 -8053 0
10000010010101  00000000000000  // 543 -8043 0
10000010011110  00000000000000  // 544 -8034 0
10000010101000  00000000000000  // 545 -8024 0
10000010110010  00000000000000  // 546 -8014 0
10000010111101  00000000000000  // 547 -8003 0
10000011001000  00000000000000  // 548 -7992 0
10000011010011  00000000000000  // 549 -7981 0
10000011011110  00000000000000  // 550 -7970 0
10000011101010  00000000000000  // 551 -7958 0
10000011110110  00000000000000  // 552 -7946 0
10000100000011  00000000000000  // 553 -7933 0
10000100001111  00000000000000  // 554 -7921 0
10000100011100  00000000000000  // 555 -7908 0
10000100101010  00000000000000  // 556 -7894 0
10000100110111  00000000000000  // 557 -7881 0
10000101000101  00000000000000  // 558 -7867 0
10000101010011  00000000000000  // 559 -7853 0
10000101100010  00000000000000  // 560 -7838 0
10000101110000  00000000000000  // 561 -7824 0
10000101111111  00000000000000  // 562 -7809 0
10000110001111  00000000000000  // 563 -7793 0
10000110011110  00000000000000  // 564 -7778 0
10000110101110  00000000000000  // 565 -7762 0
10000110111110  00000000000000  // 566 -7746 0
10000111001111  00000000000000  // 567 -7729 0
10000111100000  00000000000000  // 568 -7712 0
10000111110001  00000000000000  // 569 -7695 0
10001000000010  00000000000000  // 570 -7678 0
10001000010100  00000000000000  // 571 -7660 0
10001000100110  00000000000000  // 572 -7642 0
10001000111000  00000000000000  // 573 -7624 0
10001001001010  00000000000000  // 574 -7606 0
10001001011101  00000000000000  // 575 -7587 0
10001001110000  00000000000000  // 576 -7568 0
10001010000100  00000000000000  // 577 -7548 0
10001010010111  00000000000000  // 578 -7529 0
10001010101011  00000000000000  // 579 -7509 0
10001011000000  00000000000000  // 580 -7488 0
10001011010100  00000000000000  // 581 -7468 0
10001011101001  00000000000000  // 582 -7447 0
10001011111110  00000000000000  // 583 -7426 0
10001100010011  00000000000000  // 584 -7405 0
10001100101001  00000000000000  // 585 -7383 0
10001100111111  00000000000000  // 586 -7361 0
10001101010101  00000000000000  // 587 -7339 0
10001101101011  00000000000000  // 588 -7317 0
10001110000010  00000000000000  // 589 -7294 0
10001110011001  00000000000000  // 590 -7271 0
10001110110000  00000000000000  // 591 -7248 0
10001111001000  00000000000000  // 592 -7224 0
10001111100000  00000000000000  // 593 -7200 0
10001111111000  00000000000000  // 594 -7176 0
10010000010000  00000000000000  // 595 -7152 0
10010000101001  00000000000000  // 596 -7127 0
10010001000010  00000000000000  // 597 -7102 0
10010001011011  00000000000000  // 598 -7077 0
10010001110100  00000000000000  // 599 -7052 0
10010010001110  00000000000000  // 600 -7026 0
10010010101000  00000000000000  // 601 -7000 0
10010011000010  00000000000000  // 602 -6974 0
10010011011101  00000000000000  // 603 -6947 0
10010011111000  00000000000000  // 604 -6920 0
10010100010011  00000000000000  // 605 -6893 0
10010100101110  00000000000000  // 606 -6866 0
10010101001001  00000000000000  // 607 -6839 0
10010101100101  00000000000000  // 608 -6811 0
10010110000001  00000000000000  // 609 -6783 0
10010110011110  00000000000000  // 610 -6754 0
10010110111010  00000000000000  // 611 -6726 0
10010111010111  00000000000000  // 612 -6697 0
10010111110100  00000000000000  // 613 -6668 0
10011000010001  00000000000000  // 614 -6639 0
10011000101111  00000000000000  // 615 -6609 0
10011001001101  00000000000000  // 616 -6579 0
10011001101011  00000000000000  // 617 -6549 0
10011010001001  00000000000000  // 618 -6519 0
10011010101000  00000000000000  // 619 -6488 0
10011011000111  00000000000000  // 620 -6457 0
10011011100110  00000000000000  // 621 -6426 0
10011100000101  00000000000000  // 622 -6395 0
10011100100100  00000000000000  // 623 -6364 0
10011101000100  00000000000000  // 624 -6332 0
10011101100100  00000000000000  // 625 -6300 0
10011110000100  00000000000000  // 626 -6268 0
10011110100101  00000000000000  // 627 -6235 0
10011111000110  00000000000000  // 628 -6202 0
10011111100111  00000000000000  // 629 -6169 0
10100000001000  00000000000000  // 630 -6136 0
10100000101001  00000000000000  // 631 -6103 0
10100001001011  00000000000000  // 632 -6069 0
10100001101101  00000000000000  // 633 -6035 0
10100010001111  00000000000000  // 634 -6001 0
10100010110001  00000000000000  // 635 -5967 0
10100011010100  00000000000000  // 636 -5932 0
10100011110110  00000000000000  // 637 -5898 0
10100100011001  00000000000000  // 638 -5863 0
10100100111101  00000000000000  // 639 -5827 0
10100101100000  00000000000000  // 640 -5792 0
10100110000100  00000000000000  // 641 -5756 0
10100110100111  00000000000000  // 642 -5721 0
10100111001100  00000000000000  // 643 -5684 0
10100111110000  00000000000000  // 644 -5648 0
10101000010100  00000000000000  // 645 -5612 0
10101000111001  00000000000000  // 646 -5575 0
10101001011110  00000000000000  // 647 -5538 0
10101010000011  00000000000000  // 648 -5501 0
10101010101000  00000000000000  // 649 -5464 0
10101011001110  00000000000000  // 650 -5426 0
10101011110100  00000000000000  // 651 -5388 0
10101100011010  00000000000000  // 652 -5350 0
10101101000000  00000000000000  // 653 -5312 0
10101101100110  00000000000000  // 654 -5274 0
10101110001101  00000000000000  // 655 -5235 0
10101110110100  00000000000000  // 656 -5196 0
10101111011011  00000000000000  // 657 -5157 0
10110000000010  00000000000000  // 658 -5118 0
10110000101001  00000000000000  // 659 -5079 0
10110001010001  00000000000000  // 660 -5039 0
10110001111000  00000000000000  // 661 -5000 0
10110010100000  00000000000000  // 662 -4960 0
10110011001000  00000000000000  // 663 -4920 0
10110011110001  00000000000000  // 664 -4879 0
10110100011001  00000000000000  // 665 -4839 0
10110101000010  00000000000000  // 666 -4798 0
10110101101010  00000000000000  // 667 -4758 0
10110110010011  00000000000000  // 668 -4717 0
10110110111101  00000000000000  // 669 -4675 0
10110111100110  00000000000000  // 670 -4634 0
10111000010000  00000000000000  // 671 -4592 0
10111000111001  00000000000000  // 672 -4551 0
10111001100011  00000000000000  // 673 -4509 0
10111010001101  00000000000000  // 674 -4467 0
10111010110111  00000000000000  // 675 -4425 0
10111011100010  00000000000000  // 676 -4382 0
10111100001100  00000000000000  // 677 -4340 0
10111100110111  00000000000000  // 678 -4297 0
10111101100010  00000000000000  // 679 -4254 0
10111110001101  00000000000000  // 680 -4211 0
10111110111000  00000000000000  // 681 -4168 0
10111111100011  00000000000000  // 682 -4125 0
11000000001111  00000000000000  // 683 -4081 0
11000000111011  00000000000000  // 684 -4037 0
11000001100110  00000000000000  // 685 -3994 0
11000010010010  00000000000000  // 686 -3950 0
11000010111110  00000000000000  // 687 -3906 0
11000011101011  00000000000000  // 688 -3861 0
11000100010111  00000000000000  // 689 -3817 0
11000101000100  00000000000000  // 690 -3772 0
11000101110000  00000000000000  // 691 -3728 0
11000110011101  00000000000000  // 692 -3683 0
11000111001010  00000000000000  // 693 -3638 0
11000111110111  00000000000000  // 694 -3593 0
11001000100100  00000000000000  // 695 -3548 0
11001001010010  00000000000000  // 696 -3502 0
11001001111111  00000000000000  // 697 -3457 0
11001010101101  00000000000000  // 698 -3411 0
11001011011011  00000000000000  // 699 -3365 0
11001100001001  00000000000000  // 700 -3319 0
11001100110111  00000000000000  // 701 -3273 0
11001101100101  00000000000000  // 702 -3227 0
11001110010011  00000000000000  // 703 -3181 0
11001111000001  00000000000000  // 704 -3135 0
11001111110000  00000000000000  // 705 -3088 0
11010000011110  00000000000000  // 706 -3042 0
11010001001101  00000000000000  // 707 -2995 0
11010001111100  00000000000000  // 708 -2948 0
11010010101011  00000000000000  // 709 -2901 0
11010011011010  00000000000000  // 710 -2854 0
11010100001001  00000000000000  // 711 -2807 0
11010100111000  00000000000000  // 712 -2760 0
11010101101000  00000000000000  // 713 -2712 0
11010110010111  00000000000000  // 714 -2665 0
11010111000111  00000000000000  // 715 -2617 0
11010111110111  00000000000000  // 716 -2569 0
11011000100110  00000000000000  // 717 -2522 0
11011001010110  00000000000000  // 718 -2474 0
11011010000110  00000000000000  // 719 -2426 0
11011010110110  00000000000000  // 720 -2378 0
11011011100110  00000000000000  // 721 -2330 0
11011100010111  00000000000000  // 722 -2281 0
11011101000111  00000000000000  // 723 -2233 0
11011101110111  00000000000000  // 724 -2185 0
11011110101000  00000000000000  // 725 -2136 0
11011111011000  00000000000000  // 726 -2088 0
11100000001001  00000000000000  // 727 -2039 0
11100000111010  00000000000000  // 728 -1990 0
11100001101010  00000000000000  // 729 -1942 0
11100010011011  00000000000000  // 730 -1893 0
11100011001100  00000000000000  // 731 -1844 0
11100011111101  00000000000000  // 732 -1795 0
11100100101110  00000000000000  // 733 -1746 0
11100101100000  00000000000000  // 734 -1696 0
11100110010001  00000000000000  // 735 -1647 0
11100111000010  00000000000000  // 736 -1598 0
11100111110011  00000000000000  // 737 -1549 0
11101000100101  00000000000000  // 738 -1499 0
11101001010110  00000000000000  // 739 -1450 0
11101010001000  00000000000000  // 740 -1400 0
11101010111001  00000000000000  // 741 -1351 0
11101011101011  00000000000000  // 742 -1301 0
11101100011100  00000000000000  // 743 -1252 0
11101101001110  00000000000000  // 744 -1202 0
11101110000000  00000000000000  // 745 -1152 0
11101110110010  00000000000000  // 746 -1102 0
11101111100011  00000000000000  // 747 -1053 0
11110000010101  00000000000000  // 748 -1003 0
11110001000111  00000000000000  // 749 -953 0
11110001111001  00000000000000  // 750 -903 0
11110010101011  00000000000000  // 751 -853 0
11110011011101  00000000000000  // 752 -803 0
11110100001111  00000000000000  // 753 -753 0
11110101000001  00000000000000  // 754 -703 0
11110101110011  00000000000000  // 755 -653 0
11110110100101  00000000000000  // 756 -603 0
11110111011000  00000000000000  // 757 -552 0
11111000001010  00000000000000  // 758 -502 0
11111000111100  00000000000000  // 759 -452 0
11111001101110  00000000000000  // 760 -402 0
11111010100000  00000000000000  // 761 -352 0
11111011010011  00000000000000  // 762 -301 0
11111100000101  00000000000000  // 763 -251 0
11111100110111  00000000000000  // 764 -201 0
11111101101001  00000000000000  // 765 -151 0
11111110011011  00000000000000  // 766 -101 0
11111111001110  00000000000000  // 767 -50 0
00000000000000  00000000000000  // 768 0 0
00000000110010  00000000000000  // 769 50 0
00000001100101  00000000000000  // 770 101 0
00000010010111  00000000000000  // 771 151 0
00000011001001  00000000000000  // 772 201 0
00000011111011  00000000000000  // 773 251 0
00000100101101  00000000000000  // 774 301 0
00000101100000  00000000000000  // 775 352 0
00000110010010  00000000000000  // 776 402 0
00000111000100  00000000000000  // 777 452 0
00000111110110  00000000000000  // 778 502 0
00001000101000  00000000000000  // 779 552 0
00001001011011  00000000000000  // 780 603 0
00001010001101  00000000000000  // 781 653 0
00001010111111  00000000000000  // 782 703 0
00001011110001  00000000000000  // 783 753 0
00001100100011  00000000000000  // 784 803 0
00001101010101  00000000000000  // 785 853 0
00001110000111  00000000000000  // 786 903 0
00001110111001  00000000000000  // 787 953 0
00001111101011  00000000000000  // 788 1003 0
00010000011101  00000000000000  // 789 1053 0
00010001001110  00000000000000  // 790 1102 0
00010010000000  00000000000000  // 791 1152 0
00010010110010  00000000000000  // 792 1202 0
00010011100100  00000000000000  // 793 1252 0
00010100010101  00000000000000  // 794 1301 0
00010101000111  00000000000000  // 795 1351 0
00010101111000  00000000000000  // 796 1400 0
00010110101010  00000000000000  // 797 1450 0
00010111011011  00000000000000  // 798 1499 0
00011000001101  00000000000000  // 799 1549 0
00011000111110  00000000000000  // 800 1598 0
00011001101111  00000000000000  // 801 1647 0
00011010100000  00000000000000  // 802 1696 0
00011011010010  00000000000000  // 803 1746 0
00011100000011  00000000000000  // 804 1795 0
00011100110100  00000000000000  // 805 1844 0
00011101100101  00000000000000  // 806 1893 0
00011110010110  00000000000000  // 807 1942 0
00011111000110  00000000000000  // 808 1990 0
00011111110111  00000000000000  // 809 2039 0
00100000101000  00000000000000  // 810 2088 0
00100001011000  00000000000000  // 811 2136 0
00100010001001  00000000000000  // 812 2185 0
00100010111001  00000000000000  // 813 2233 0
00100011101001  00000000000000  // 814 2281 0
00100100011010  00000000000000  // 815 2330 0
00100101001010  00000000000000  // 816 2378 0
00100101111010  00000000000000  // 817 2426 0
00100110101010  00000000000000  // 818 2474 0
00100111011010  00000000000000  // 819 2522 0
00101000001001  00000000000000  // 820 2569 0
00101000111001  00000000000000  // 821 2617 0
00101001101001  00000000000000  // 822 2665 0
00101010011000  00000000000000  // 823 2712 0
00101011001000  00000000000000  // 824 2760 0
00101011110111  00000000000000  // 825 2807 0
00101100100110  00000000000000  // 826 2854 0
00101101010101  00000000000000  // 827 2901 0
00101110000100  00000000000000  // 828 2948 0
00101110110011  00000000000000  // 829 2995 0
00101111100010  00000000000000  // 830 3042 0
00110000010000  00000000000000  // 831 3088 0
00110000111111  00000000000000  // 832 3135 0
00110001101101  00000000000000  // 833 3181 0
00110010011011  00000000000000  // 834 3227 0
00110011001001  00000000000000  // 835 3273 0
00110011110111  00000000000000  // 836 3319 0
00110100100101  00000000000000  // 837 3365 0
00110101010011  00000000000000  // 838 3411 0
00110110000001  00000000000000  // 839 3457 0
00110110101110  00000000000000  // 840 3502 0
00110111011100  00000000000000  // 841 3548 0
00111000001001  00000000000000  // 842 3593 0
00111000110110  00000000000000  // 843 3638 0
00111001100011  00000000000000  // 844 3683 0
00111010010000  00000000000000  // 845 3728 0
00111010111100  00000000000000  // 846 3772 0
00111011101001  00000000000000  // 847 3817 0
00111100010101  00000000000000  // 848 3861 0
00111101000010  00000000000000  // 849 3906 0
00111101101110  00000000000000  // 850 3950 0
00111110011010  00000000000000  // 851 3994 0
00111111000101  00000000000000  // 852 4037 0
00111111110001  00000000000000  // 853 4081 0
01000000011101  00000000000000  // 854 4125 0
01000001001000  00000000000000  // 855 4168 0
01000001110011  00000000000000  // 856 4211 0
01000010011110  00000000000000  // 857 4254 0
01000011001001  00000000000000  // 858 4297 0
01000011110100  00000000000000  // 859 4340 0
01000100011110  00000000000000  // 860 4382 0
01000101001001  00000000000000  // 861 4425 0
01000101110011  00000000000000  // 862 4467 0
01000110011101  00000000000000  // 863 4509 0
01000111000111  00000000000000  // 864 4551 0
01000111110000  00000000000000  // 865 4592 0
01001000011010  00000000000000  // 866 4634 0
01001001000011  00000000000000  // 867 4675 0
01001001101101  00000000000000  // 868 4717 0
01001010010110  00000000000000  // 869 4758 0
01001010111110  00000000000000  // 870 4798 0
01001011100111  00000000000000  // 871 4839 0
01001100001111  00000000000000  // 872 4879 0
01001100111000  00000000000000  // 873 4920 0
01001101100000  00000000000000  // 874 4960 0
01001110001000  00000000000000  // 875 5000 0
01001110101111  00000000000000  // 876 5039 0
01001111010111  00000000000000  // 877 5079 0
01001111111110  00000000000000  // 878 5118 0
01010000100101  00000000000000  // 879 5157 0
01010001001100  00000000000000  // 880 5196 0
01010001110011  00000000000000  // 881 5235 0
01010010011010  00000000000000  // 882 5274 0
01010011000000  00000000000000  // 883 5312 0
01010011100110  00000000000000  // 884 5350 0
01010100001100  00000000000000  // 885 5388 0
01010100110010  00000000000000  // 886 5426 0
01010101011000  00000000000000  // 887 5464 0
01010101111101  00000000000000  // 888 5501 0
01010110100010  00000000000000  // 889 5538 0
01010111000111  00000000000000  // 890 5575 0
01010111101100  00000000000000  // 891 5612 0
01011000010000  00000000000000  // 892 5648 0
01011000110100  00000000000000  // 893 5684 0
01011001011001  00000000000000  // 894 5721 0
01011001111100  00000000000000  // 895 5756 0
01011010100000  00000000000000  // 896 5792 0
01011011000011  00000000000000  // 897 5827 0
01011011100111  00000000000000  // 898 5863 0
01011100001010  00000000000000  // 899 5898 0
01011100101100  00000000000000  // 900 5932 0
01011101001111  00000000000000  // 901 5967 0
01011101110001  00000000000000  // 902 6001 0
01011110010011  00000000000000  // 903 6035 0
01011110110101  00000000000000  // 904 6069 0
01011111010111  00000000000000  // 905 6103 0
01011111111000  00000000000000  // 906 6136 0
01100000011001  00000000000000  // 907 6169 0
01100000111010  00000000000000  // 908 6202 0
01100001011011  00000000000000  // 909 6235 0
01100001111100  00000000000000  // 910 6268 0
01100010011100  00000000000000  // 911 6300 0
01100010111100  00000000000000  // 912 6332 0
01100011011100  00000000000000  // 913 6364 0
01100011111011  00000000000000  // 914 6395 0
01100100011010  00000000000000  // 915 6426 0
01100100111001  00000000000000  // 916 6457 0
01100101011000  00000000000000  // 917 6488 0
01100101110111  00000000000000  // 918 6519 0
01100110010101  00000000000000  // 919 6549 0
01100110110011  00000000000000  // 920 6579 0
01100111010001  00000000000000  // 921 6609 0
01100111101111  00000000000000  // 922 6639 0
01101000001100  00000000000000  // 923 6668 0
01101000101001  00000000000000  // 924 6697 0
01101001000110  00000000000000  // 925 6726 0
01101001100010  00000000000000  // 926 6754 0
01101001111111  00000000000000  // 927 6783 0
01101010011011  00000000000000  // 928 6811 0
01101010110111  00000000000000  // 929 6839 0
01101011010010  00000000000000  // 930 6866 0
01101011101101  00000000000000  // 931 6893 0
01101100001000  00000000000000  // 932 6920 0
01101100100011  00000000000000  // 933 6947 0
01101100111110  00000000000000  // 934 6974 0
01101101011000  00000000000000  // 935 7000 0
01101101110010  00000000000000  // 936 7026 0
01101110001100  00000000000000  // 937 7052 0
01101110100101  00000000000000  // 938 7077 0
01101110111110  00000000000000  // 939 7102 0
01101111010111  00000000000000  // 940 7127 0
01101111110000  00000000000000  // 941 7152 0
01110000001000  00000000000000  // 942 7176 0
01110000100000  00000000000000  // 943 7200 0
01110000111000  00000000000000  // 944 7224 0
01110001010000  00000000000000  // 945 7248 0
01110001100111  00000000000000  // 946 7271 0
01110001111110  00000000000000  // 947 7294 0
01110010010101  00000000000000  // 948 7317 0
01110010101011  00000000000000  // 949 7339 0
01110011000001  00000000000000  // 950 7361 0
01110011010111  00000000000000  // 951 7383 0
01110011101101  00000000000000  // 952 7405 0
01110100000010  00000000000000  // 953 7426 0
01110100010111  00000000000000  // 954 7447 0
01110100101100  00000000000000  // 955 7468 0
01110101000000  00000000000000  // 956 7488 0
01110101010101  00000000000000  // 957 7509 0
01110101101001  00000000000000  // 958 7529 0
01110101111100  00000000000000  // 959 7548 0
01110110010000  00000000000000  // 960 7568 0
01110110100011  00000000000000  // 961 7587 0
01110110110110  00000000000000  // 962 7606 0
01110111001000  00000000000000  // 963 7624 0
01110111011010  00000000000000  // 964 7642 0
01110111101100  00000000000000  // 965 7660 0
01110111111110  00000000000000  // 966 7678 0
01111000001111  00000000000000  // 967 7695 0
01111000100000  00000000000000  // 968 7712 0
01111000110001  00000000000000  // 969 7729 0
01111001000010  00000000000000  // 970 7746 0
01111001010010  00000000000000  // 971 7762 0
01111001100010  00000000000000  // 972 7778 0
01111001110001  00000000000000  // 973 7793 0
01111010000001  00000000000000  // 974 7809 0
01111010010000  00000000000000  // 975 7824 0
01111010011110  00000000000000  // 976 7838 0
01111010101101  00000000000000  // 977 7853 0
01111010111011  00000000000000  // 978 7867 0
01111011001001  00000000000000  // 979 7881 0
01111011010110  00000000000000  // 980 7894 0
01111011100100  00000000000000  // 981 7908 0
01111011110001  00000000000000  // 982 7921 0
01111011111101  00000000000000  // 983 7933 0
01111100001010  00000000000000  // 984 7946 0
01111100010110  00000000000000  // 985 7958 0
01111100100010  00000000000000  // 986 7970 0
01111100101101  00000000000000  // 987 7981 0
01111100111000  00000000000000  // 988 7992 0
01111101000011  00000000000000  // 989 8003 0
01111101001110  00000000000000  // 990 8014 0
01111101011000  00000000000000  // 991 8024 0
01111101100010  00000000000000  // 992 8034 0
01111101101011  00000000000000  // 993 8043 0
01111101110101  00000000000000  // 994 8053 0
01111101111110  00000000000000  // 995 8062 0
01111110000111  00000000000000  // 996 8071 0
01111110001111  00000000000000  // 997 8079 0
01111110010111  00000000000000  // 998 8087 0
01111110011111  00000000000000  // 999 8095 0
01111110100111  00000000000000  // 1000 8103 0
01111110101110  00000000000000  // 1001 8110 0
01111110110101  00000000000000  // 1002 8117 0
01111110111011  00000000000000  // 1003 8123 0
01111111000010  00000000000000  // 1004 8130 0
01111111001000  00000000000000  // 1005 8136 0
01111111001101  00000000000000  // 1006 8141 0
01111111010011  00000000000000  // 1007 8147 0
01111111011000  00000000000000  // 1008 8152 0
01111111011101  00000000000000  // 1009 8157 0
01111111100001  00000000000000  // 1010 8161 0
01111111100101  00000000000000  // 1011 8165 0
01111111101001  00000000000000  // 1012 8169 0
01111111101101  00000000000000  // 1013 8173 0
01111111110000  00000000000000  // 1014 8176 0
01111111110011  00000000000000  // 1015 8179 0
01111111110101  00000000000000  // 1016 8181 0
01111111111000  00000000000000  // 1017 8184 0
01111111111010  00000000000000  // 1018 8186 0
01111111111011  00000000000000  // 1019 8187 0
01111111111101  00000000000000  // 1020 8189 0
01111111111110  00000000000000  // 1021 8190 0
01111111111111  00000000000000  // 1022 8191 0
01111111111111  00000000000000  // 1023 8191 0