01111111111111  00000000000000  //  0 8191 0
01111111011000  00000000000000  //  1 8152 0
01111101100010  00000000000000  //  2 8034 0
01111010011110  00000000000000  //  3 7838 0
01110110010000  00000000000000  //  4 7568 0
01110000111000  00000000000000  //  5 7224 0
01101010011011  00000000000000  //  6 6811 0
01100010111100  00000000000000  //  7 6332 0
01011010100000  00000000000000  //  8 5792 0
01010001001100  00000000000000  //  9 5196 0
01000111000111  00000000000000  // 10 4551 0
00111100010101  00000000000000  // 11 3861 0
00110000111111  00000000000000  // 12 3135 0
00100101001010  00000000000000  // 13 2378 0
00011000111110  00000000000000  // 14 1598 0
00001100100011  00000000000000  // 15 803 0
00000000000000  00000000000000  // 16 0 0
11110011011101  00000000000000  // 17 -803 0
11100111000010  00000000000000  // 18 -1598 0
11011010110110  00000000000000  // 19 -2378 0
11001111000001  00000000000000  // 20 -3135 0
11000011101011  00000000000000  // 21 -3861 0
10111000111001  00000000000000  // 22 -4551 0
10101110110100  00000000000000  // 23 -5196 0
10100101100000  00000000000000  // 24 -5792 0
10011101000100  00000000000000  // 25 -6332 0
10010101100101  00000000000000  // 26 -6811 0
10001111001000  00000000000000  // 27 -7224 0
10001001110000  00000000000000  // 28 -7568 0
10000101100010  00000000000000  // 29 -7838 0
10000010011110  00000000000000  // 30 -8034 0
10000000101000  00000000000000  // 31 -8152 0
10000000000001  00000000000000  // 32 -8191 0
10000000101000  00000000000000  // 33 -8152 0
10000010011110  00000000000000  // 34 -8034 0
10000101100010  00000000000000  // 35 -7838 0
10001001110000  00000000000000  // 36 -7568 0
10001111001000  00000000000000  // 37 -7224 0
10010101100101  00000000000000  // 38 -6811 0
10011101000100  00000000000000  // 39 -6332 0
10100101100000  00000000000000  // 40 -5792 0
10101110110100  00000000000000  // 41 -5196 0
10111000111001  00000000000000  // 42 -4551 0
11000011101011  00000000000000  // 43 -3861 0
11001111000001  00000000000000  // 44 -3135 0
11011010110110  00000000000000  // 45 -2378 0
11100111000010  00000000000000  // 46 -1598 0
11110011011101  00000000000000  // 47 -803 0
00000000000000  00000000000000  // 48 0 0
00001100100011  00000000000000  // 49 803 0
00011000111110  00000000000000  // 50 1598 0
00100101001010  00000000000000  // 51 2378 0
00110000111111  00000000000000  // 52 3135 0
00111100010101  00000000000000  // 53 3861 0
01000111000111  00000000000000  // 54 4551 0
01010001001100  00000000000000  // 55 5196 0
01011010100000  00000000000000  // 56 5792 0
01100010111100  00000000000000  // 57 6332 0
01101010011011  00000000000000  // 58 6811 0
01110000111000  00000000000000  // 59 7224 0
01110110010000  00000000000000  // 60 7568 0
01111010011110  00000000000000  // 61 7838 0
01111101100010  00000000000000  // 62 8034 0
01111111011000  00000000000000  // 63 8152 0

